9.06
9.06
9.06
9.06
9.06
9.06
9.06
9.06
9.06
9.06
9.06
9.06
9.06
9.06
9.06
9.06
9.06
9.06
9.06
9.06
9.06
9.06
9.06
9.06
9.06
9.06
9.06
9.06
9.06
9.06
9.06
9.06
9.06
9.06
9.06
9.06
9.06
9.06
9.06
9.06
9.06
9.06
9.06
9.06
9.06
9.06
9.06
9.06
9.06
9.06
9.06
9.06
9.06
9.06
9.06
9.06
9.06
9.06
10.05
10.05
9.22
9.22
7.28
6.71
7.21
7.21
7.21
8.6
8.6
8.6
8.94
8.94
8.54
8.54
8.54
9.22
9.22
9.22
9.06
9.06
9
8
9
9
9
9
9
9
9
10
11
11
11
11.05
10.05
10.05
9.06
9.06
8.06
7.07
7.07
6
6
6
7
8.06
8.06
8.06
8.12
7.14
7.14
7.14
7.14
8.49
8.49
8.49
8.49
7.35
7.07
7.07
7.07
8.25
8.31
8.31
8.49
7.55
7.55
7.87
9.17
8.6
8.6
8.49
8.49
9.27
9.27
11.58
14.63
17.97
22.34
26.32
29.9
29.63
24.08
19.05
14.14
9.49
9.49
4.24
3
2.24
2.24
4.12
4
5
5
4
4
4
2
2
2
0
0
1.41
5.2
5.2
10
15.03
15.03
21.68
21.68
22.45
20.49
20.49
15.81
14.87
14.87
11.58
11.58
10.25
10.1
10.1
9
9
9
9
9
9
9
9
9
9
9
9
9
9
9
9
9
9
9
9
8
8
9.06
13.34
15.3
23.04
23.09
19.13
13.04
13.04
3.16
2.24
1.41
1
1
0
0
0
0
0
0
0
0
2
3
3
3
3
3
3
3
5
8
8
11.05
14
14
18
18
18
18
18
16.03
14.04
14.04
11
11
9
8
8
8
8
8.06
8.06
8.06
8
8
8
8
8
8
8
8
8
8
8
8
8
8
11
12
17
24
24
24
24
23
21.02
21.02
10.2
3.16
3.16
0
0
0
0
0
0
1
1.41
2.45
2.45
2.24
2.24
2.24
2.24
4
5.1
6
6
6
10.1
10.1
12.21
13.19
14.18
15.17
15.17
15.17
15.13
15.13
13.04
13.04
11.05
10.05
10.05
9.06
8.06
8.06
7.07
7.07
7.07
8.06
8.06
8.06
9.06
9.06
10.05
10.05
12.04
14.04
14.04
18.11
18.11
18.11
20.1
20.1
21.1
22.09
19.13
12.04
1
1
0
0
0
0
0
0
0
0
0
0
0
0
0
0
0
3
4
4
6
6
7
7
7
10.05
12.04
14.04
21.05
21.05
21.05
20.02
20.02
13.04
10.05
9
8
8
8.06
8.06
8.06
8
8
8
8
8
8
8
8
8
8
8
9
9
9
9
10.05
17.29
17.29
22.11
25.04
25.04
21.02
21.02
18.03
18.03
18.03
7.07
3.16
1.41
0
0
0
0
0
0
0
0
0
0
5.1
7.28
7.28
7.28
8.31
8.31
9.27
9.27
11.45
10.49
10.49
10.82
10.77
10.77
11.4
11.4
11.4
12.21
12.21
11.09
11.09
11.18
11.18
10.2
10.05
10.05
10.05
10.05
10.05
10
10
10
10
10
10.05
10.05
11.05
11.05
11.05
11.05
11.18
12.17
14.35
15.33
17.38
18.36
19.34
18.14
16.06
13
6
3
1
0
0
0
0
0
0
0
0
0
1.73
3.46
4.58
6.32
6.08
7.35
7.07
6
7.07
8.06
8.25
8.06
8.06
8.25
9.22
10.2
11.05
11.05
11.05
11.05
12.04
12.04
13.04
13.04
13.04
13
14
13
12
11
11
11
10
10
9
9
9
9
9
9
9
9
9
9
10
12
18
21
22
22
20
15
10
6
2
2
0
0
0
0
0
0
0
0
0
4.47
6.4
7.68
8.37
9.11
7.62
8.06
8
8.06
8.06
8.06
8.06
9.11
9.11
10.1
12.08
13
13
14
14
14
13
13
13
12
11
10.05
9.06
9.06
8.06
8.06
8.06
8
8
8
9
9
9
9
9.06
9.06
9.22
9.22
9.22
9.22
9.49
9.22
9.22
8.25
9.22
8.25
8.25
8.06
8.06
7.07
7.14
7.14
8.12
7.14
7.14
7.14
8.06
8.06
8.06
7.07
7.07
7.07
7.07
8.06
8.06
8.06
9.22
9.22
8.25
8.25
8.25
8.25
8.25
8.25
8.25
8.25
8.25
8.25
8.25
8.25
8.25
8.25
8.06
8.06
9.06
9.06
9.06
9
9
10
11
11
10
9
8
8
8
8
8
9
9.06
9.06
9
9
9.06
9.06
8.06
8.06
8.06
8.06
8.06
8.06
8.06
9.06
9.06
9.11
9.06
9.06
9.06
9.06
9.06
9.06
9.11
9.11
9.06
9.06
9.06
9.06
9.06
9.06
9.06
9.11
9.11
9.11
9.11
9.11
9.11
9.11
9.11
9.11
9.11
9.11
9.06
9.06
9.06
9.06
9.06
9.06
9.11
9.11
9.11
9.11
9.11
9.11
9.11
9.11
9.11
9.11
9.11
9.11
9.11
9.11
9.11
9.11
9.11
9.11
9.11
9.11
9.11
9.11
9.11
9.11
9.11
9.11
9.11
9.11
9.11
9.11
9.11
9.11
9.11
9.11
9.11
9.11
9.11
9.11
9.11
9.11
9.11
9.11
9.11
9.11
9.11
9.11
9.11
9.11
9.11
9.11
9.11
9.11
9.11
9.11
9.11
9.11
9.11
9.11
9.11
9.11
9.11
9.11
9.11
9.11
9.11
9.11
9.11
9.11
9.11
9.11
9.11
9.11
9.11
9.11
9.11
9.11
9.11
9.11
9.11
9.11
9.11
9.11
9.11
9.11
9.11
9.11
9.11
9.11
9.11
9.11
9.11
9.11
9.11
9.11
9.11
9.11
9.11
9.11
9.11
9.11
9.11
9.11
9.11
9.11
9.11
9.11
9.11
9.11
9.11
9.11
9.11
9.11
9.11
9.11
9.11
9.11
9.11
9.11
9.11
9.11
9.11
9.11
9.11
9.11
9.11
9.11
9.11
9.11
9.11
9.11
9.11
9.11
9.11
9.11
9.11
9.11
9.11
9.11
9.11
9.11
9.11
9.11
9.11